38.14006514657981 11.707907109497878
195.70142160008655 129.50634476151848
57.219887678210824 884.0390356997736
45.49945885581472 44.8491659244533
54.6275228464092 43.54863298196172
22.678513798039326 45.651335633115856
21.874732686910605 57.28569305458482
48.480814609076994 37.817627378515404
49.40582007322899 27.882124435442204
1074.519196522107 803.1094218357674
17.533374199434494 18.07731748755255
3369.7747868400884 1867.7451358988667
28.56013960944995 46.59918945841259
18023.415081940766 17561.344583416423
9.27350498976147 4.204244121683173
19.019751651045546 99.35105703617987
69.21459108775707 93.3984986708405
117.00738502462944 263.574106799688
9.353437399374867 10.73222855511124
3.963848084960151 3.3822364137583207
6.90571519238564 5.22482467178218
2.545569465020619 1.785513442017225
225.1771930570793 718.4724773135939
3.690041423165343 3.2669756220044937
17.903997984515247 36.68799642162939
20.199383080131998 12.795379655158394
17.95954030019385 20.034383954723783
330.9394784452554 292.0622760901345
598.8564943485541 343.23909340934256
18.6638228532758 16.960541823274177
60.46865532560765 22.46704054834649
28.968499531245925 112.00956001642128
38.8428645492233 106.65693582380311
92.94132235305929 67.31057348402777
179.00889714895854 103.67933526752998
131.59499179645186 78.0722155745588
32.49370189589919 25.331831735205764
1767.3008356688958 1529.704642577479
